#HW1
phy <- c(11, 9, 10, 19, 2, 17, 3, 14, 5)
phy

math <- c(20, 15, 4, 1, 18, 8, 13, 6, 17)
math

#HW2
mathh <- c(44, 55, 9, 10 ,19, 30 , 17, 5, 22, 2)
eng <- c(20, 9, 18, 4 , 1, 18, 8, 13, 6, 15)
room <- c('e', 's', 's', 'e', 'e', 's', 's', 'e', 's', 'e')

df <- data.frame(mathh, eng, room)
df